tsPalette <- c(
  "#7c66dc",
  "#644fc1",
  "#7e7d86",
  "#55b467",
  "#3d9a50",
  "#ff802b",
  "#ed5f00",
  "#f2555a",
  "#dc3d43",
  "#9e8cfc",
  "#5746af",
  "#a09fa6",
  "#63c174",
  "#297c3b",
  "#ff8b3e",
  "#bd4b00",
  "#ff6369",
  "#cd2b31",
  "#f1eefe",
  "#20134b",
  "#ededef",
  "#1a1523",
  "#e5fbeb",
  "#1b311e",
  "#feeadd",
  "#451e11",
  "#feecee",
  "#381316",
  "#17151f",
  "#fdfcfe",
  "#161618",
  "#fff8f8",
  "#251e40",
  "#f5f2ff",
  "#232326",
  "#f4f2f4",
  "#132819",
  "#ebf9eb",
  "#391a03",
  "#fff1e7",
  "#3c181a",
  "#ffefef",
  "#2c2250",
  "#ede9fe",
  "#28282c",
  "#eeedef",
  "#16301d",
  "#dff3df",
  "#441f04",
  "#ffe8d7",
  "#481a1d",
  "#ffe5e5",
  "#32275f",
  "#e4defc",
  "#2e2e32",
  "#e9e8ea",
  "#193921",
  "#ceebcf",
  "#4f2305",
  "#ffdcc3",
  "#541b1f",
  "#fdd8d8",
  "#392c72",
  "#d7cff9",
  "#34343a",
  "#e4e2e4",
  "#1d4427",
  "#b7dfba",
  "#5f2a06",
  "#ffcca7",
  "#671e22",
  "#f9c6c6",
  "#443592",
  "#c4b8f3",
  "#3e3e44",
  "#dcdbdd",
  "#245530",
  "#97cf9c",
  "#763205",
  "#ffb381",
  "#822025",
  "#f3aeaf",
  "#5842c3",
  "#aa99ec",
  "#504f57",
  "#c8c7cb",
  "#2f6e3b",
  "#65ba75",
  "#943e00",
  "#fa934e",
  "#aa2429",
  "#eb9091",
  "#6e56cf",
  "#706f78",
  "#908e96",
  "#46a758",
  "#f76808",
  "#e5484d",
)
