tsPalette <- c(
  "#7C66CC",
  "#333366",
  "#57C1B5",
  "#89CFF1",
  "#F67C6C",
  "#F1C564"
)
